[DINGBIAO]
kmlm=1
kmcd=8.98372527444735E-5
mlmtime=100000
mcdtime=100000
mlmperc=0
mcdperc=0.34392457
kmcd11=1
mcdtime11=0
kmcd12=1
mcdtime12=0
kmcd13=1
mcdtime13=0
kmcd14=1
mcdtime14=0
kmcd21=8.66294576553628E-5
mcdtime21=7000
kmcd22=1
mcdtime22=0
kmcd23=1
mcdtime23=0
kmcd24=1
mcdtime24=0

[ledusb32]
;校准方式 0:不做校准 1：K值校准  2：拟合校准
SetType=1
xpara=0
ypara=0.0004

;//K值校准参数
[KBxy_PKT]
kx1=1
bx1=0
ky1=1
by1=0
kx2=1
bx2=0
ky2=1
by2=0
kx3=1
bx3=0
ky3=1
by3=0

;//拟合校准参数
[Fct_Std_Xy]
;注意：最后一个逗号不可缺少，数据之间不可留空格，每个数据含逗号在内为7个字符，以下雷同

;X坐标：拟合实测值，数值间逗号分隔，如0.3240,0.3357,0.2245,
xFct=0.3525,0.4535,0.3326,0.4612,
;X坐标：拟合标准值，数值间逗号分隔
xStd=0.3545,0.4525,0.3365,0.4652, 

;Y坐标：拟合实测值，数值间逗号分隔
yFct=0.3520,0.4535,0.3326,0.4612, 
;Y坐标：拟合标准值，数值间逗号分隔
yStd=0.3545,0.4525,0.3365,0.4652, 

[Polyxy]
;查看当前的拟合系数
x=0.226310646131896,-0.134802292393764,1.40699390114632,0,0,0,
y=0.201680260817166,-0.00643427053905941,1.24410505496632,0,0,0,
[other]
measure=88.2
standard=5.816
