XYZ rgbw
0.6400 0.3300 0.0300
0.2900 0.6000 0.1100
0.1500 0.0600 0.7900
0.3130 0.3290 0.3580

RGB rgbw
1.0000 0.0000 0.0000
0.0000 1.0000 0.0000
0.0000 0.0000 1.0000
0.3333 0.3333 0.3333

RGB=>XYZ
  0.430602   0.341501   0.178375
  0.221992   0.706697   0.071260
  0.020202   0.129496   0.939396

XYZ=>RGB
  3.062700  -1.392800  -0.475900
 -0.968900   1.875600   0.041700
  0.067700  -0.228600   1.069000

