[led600]
;校准方式 0:不做校准 1：K值校准  2：拟合校准
SetType=1
xpara=0
ypara=0
;//K值校准参数
[KBxy_PKT]
kx1=1
bx1=0
ky1=1
by1=0
kx2=1
bx2=0
ky2=1
by2=0
kx3=1
bx3=0
ky3=1
by3=0

;//拟合校准参数
[Fct_Std_Xy]
;注意：最后一个逗号不可缺少，数据之间不可留空格，每个数据含逗号在内为7个字符，以下雷同

;X坐标：拟合实测值，数值间逗号分隔，如0.3240,0.3357,0.2245,
xFct=0.4157,0.3255,0.2850,
#0.4612,
;X坐标：拟合标准值，数值间逗号分隔
xStd=0.4151,0.3247,0.2875,
#0.4652, 

;Y坐标：拟合实测值，数值间逗号分隔
yFct=0.4099,0.3585,0.2889,
#0.4612, 
;Y坐标：拟合标准值，数值间逗号分隔
yStd=0.4067,0.3491,0.2845,
#0.4652, 

[Polyxy]
;查看当前的拟合系数
x=0.0851294619921624,0.527561341925624,0.640388495648243,0,0,0,
y=0.181092971837719,-0.101588429822023,1.59059213679725,0,0,0,
[DINGBIAO]
kmlm=1
kmcd=5.77550872549182E-6
kmw=1
mlmtime=0
mcdtime=100
mwtime=0
