Zero1:  0.000000
Zero2:  0.000000
Zero3:  0.000000
Zero4:  0.000000
K12: 10.026000
K23: 10.010000
K34:  9.994000

correct:AD=  0.000000  k=  0.000000
ZeroDC:100.000
SN.:1009008-128