Phose:
StaPho :1000.000
PhoTime:80.000
PhoseK :3.984221697

StaPho :0.000
PhoTime:0.000
PhoseK :0.000000000

StaPho :0.000
PhoTime:0.000
PhoseK :0.000000000

2007-10-25 10:56